87
4   236
17  230
33  221
51  209
71  201
90  195
113 199
127 214
134 230
138 256
138 286
135 301
129 333
118 372
110 403
107 434
103 455
103 483
111 503
121 509
141 504
155 496
166 487
175 475
188 464
206 458
216 470
226 477
236 485
246 476
250 457
252 434
256 416
259 394
261 378
264 359
271 342
273 323
277 311
278 294
277 277
277 265
274 243
269 230
268 210
263 191
265 172
272 160
282 147
292 140
304 132
318 129
334 129
354 134
371 145
384 153
397 166
402 182
408 199
408 222
405 241
404 268
401 295
396 339
394 375
392 403
391 445
397 467
405 483
414 493
430 493
444 482
455 453
465 418
475 382
479 344
486 311
491 265
493 232
501 195
509 172
520 161
535 160
553 168
568 184
574 203
580 217